4.260000000000000000e+04
3.929000000000000000e+04
3.411000000000000000e+04
3.712000000000000000e+04
3.721000000000000000e+04
4.358000000000000000e+04
3.856000000000000000e+04
3.826000000000000000e+04
4.309000000000000000e+04
4.528000000000000000e+04
3.448000000000000000e+04
4.037000000000000000e+04
4.037000000000000000e+04
4.027000000000000000e+04
4.144000000000000000e+04
3.852000000000000000e+04
3.647000000000000000e+04
4.163000000000000000e+04
4.287000000000000000e+04
4.035000000000000000e+04
3.946000000000000000e+04
4.264000000000000000e+04
3.990000000000000000e+04
3.889000000000000000e+04
3.941000000000000000e+04
3.721000000000000000e+04
4.107000000000000000e+04
3.950000000000000000e+04
3.812000000000000000e+04
4.037000000000000000e+04
4.118000000000000000e+04
3.989000000000000000e+04
3.905000000000000000e+04
3.464000000000000000e+04
3.682000000000000000e+04
3.946000000000000000e+04
3.568000000000000000e+04
3.492000000000000000e+04
3.473000000000000000e+04
3.667000000000000000e+04
3.558000000000000000e+04
3.787000000000000000e+04
3.983000000000000000e+04
4.132000000000000000e+04
4.013000000000000000e+04
3.797000000000000000e+04
3.386000000000000000e+04
3.907000000000000000e+04
4.312000000000000000e+04
3.376000000000000000e+04
3.887000000000000000e+04
3.561000000000000000e+04
3.758000000000000000e+04
3.657000000000000000e+04
3.392000000000000000e+04
3.777000000000000000e+04
4.060000000000000000e+04
3.323000000000000000e+04
3.396000000000000000e+04
3.498000000000000000e+04
3.848000000000000000e+04
4.133000000000000000e+04
3.576000000000000000e+04
3.390000000000000000e+04
3.618000000000000000e+04
3.298000000000000000e+04
3.697000000000000000e+04
3.827000000000000000e+04
3.787000000000000000e+04
3.790000000000000000e+04
3.764000000000000000e+04
3.648000000000000000e+04
3.792000000000000000e+04
3.890000000000000000e+04
3.660000000000000000e+04
3.499000000000000000e+04
3.652000000000000000e+04
4.012000000000000000e+04
